1266
54855
1465
2034
2150
6659
1026
5054
1287
5328
4288
6515
22822
10257
1734
54567
8482
7153
558
6526
10376
51232
9162
2317
90427
283209
25878
1063
11343
2149
11245
5327
390
55573
9497
2023
142
94241
4013
22974
4311
10313
10979
7052
63895
9055
6840
27242
4082
5069
8720
5205
10769
5358
57326
81848
8989
301
83872
1281
72
5796
10221
7857
4929
891
5159
3488
93145
808
7534
2040
147372
4982
7430
2791
55771
9518
10112
8728
22800
259266
88455
57568
11103
2318
5829
4884
84617
1464
8507
7035
23362
9353
3099
55608
10797
79971
9120
4163
2114
4853
1265
6241
3624
991
5922
3838
8140
64114
131583
55379
4008
639
6299
167227
80323
2589
7468
51334
29127
5806
5347
114882
4907
1288
3728
55824
10923
5127
332
4627
2305
1462
4162
55117
3799
11173
5732
57724
2355
1030
4478
79647
8727
5924
7083
26575
11078
650
140876
84790
9766
890
1848
1909
10051
6383
3655
7114
8760
374
79801
6675
64854
7494
3732
1662
89797
1820
3939
4323
10938
9414
23657
901
2770
51429
285761
10486
8508
5167
9948
10460
48
51474
55454
79094
9921
8407
9787
23284
83700
2060
203068
1051
387893
1264
440
1062
3832
10611
302
8490
3912
26586
7112
79642
80031
23135
10371
6731
5742
9493
389136
4124
2893
699
7803
23039
2119
55165
837
10615
9411
84823
2665
3566
7913
8325
81624
5364
4324
2247
79839
54800
57552
90861
80781
2115
4097
196
2294
2621
5764
25923
55143
387882
11113
64151
214
25870
23052
23603
728215
51200
55740
79572
55635
6723
55884
10383
826
9133
493
7280
120
2633
51203
90411
6747
92949
4126
80310
694
25891
6790
7298
7431
8942
10135
2531
93
24137
4001
5270
1499
10417
23710
3148
387755
6281
22801
5099
955
50509
2697
3915
91
7846
2668
128239
9510
57082
10109
81493
223
9435
11004
59
3553
NA
3638
79876
54892
7407
5638
5649
771
6382
19
27436
23705
9793
123920
219699
219
701
7301
11226
5209
8349
4343
22820
4605
10962
2316
3084
91768
6916
9697
60
10114
824
126298
10541
1075
253260
9232
7045
5832
27161
90853
284119
4233
55858
4174
6909
1290
3090
7145
2151
150864
1718
1602
780
64332
80315
25829
4254
3833
9180
7791
9585
25945
9618
91607
10082
23406
7010
9918
55959
114990
9550
1832
6335
3481
92312
983
116496
7474
6781
80856
57659
3673
10570
55627
6711
23704
10577
11096
10398
1809
54843
58476
6303
7170
624
84187
5681
29128
2055
94
9266
2252
9980
143384
79180
115294
9802
3837
90007
57414
160622
4758
54331
130497
87
9637
58190
10200
11168
55754
23220
10631
9824
51384
9732
9821
11237
4170
54498
3161
7357
6405
55625
11065
1808
6772
11031
1186
81
55355
57198
1454
79646
64795
6385
4325
4175
4641
7514
6386
10531
3383
57636
10236
10253
64393
3693
7414
2137
7272
5321
7275
2821
5747
8110
166647
3589
113146
2070
83786
81610
4638
114134
6648
51512
4756
26258
4603
30844
57709
800
2764
5743
9833
5970
8793
1303
3178
3927
65998
56938
25780
11259
9659
54478
54914
55214
9741
7975
151011
115701
4628
51155
2069
6277
7533
2617
9600
64750
5106
55790
387763
51012
6575
150468
9472
51088
51339
5874
2058
3487
10512
6774
4212
9319
55662
23313
5654
4773
2521
54910
4784
8565
5592
2799
26147
71
28988
1282
80380
54765
4000
316
7321
6472
65125
2729
83892
23670
9685
3976
79875
57132
8613
9949
3569
10466
3182
8434
1182
90874
221079
9528
10129
2555
84679
79577
84665
22858
57574
84230
55679
64759
687
9776
8878
2869
54887
6615
1978
51696
149111
125058
2768
51020
83895
80727
114757
1956
55654
11142
22795
5156
29780
9590
6541
4864
57630
53838
2969
9928
5817
9445
1939
1645
9811
4237
9212
9019
54480
3754
84171
2907
7150
117178
7040
11252
483
1163
57583
51176
8334
221150
7050
6926
7162
399687
84168
3572
5307
116151
3836
2717
10613
81029
7873
2674
5476
54187
5021
10584
55706
3397
3895
51635
3843
8870
3776
11282
9728
164284
10606
10092
5660
157313
84141
25825
54453
113130
5045
3315
81628
3422
1073
10955
3835
2274
4052
51309
84912
131578
8491
116987
25844
3486
3306
23397
84101
55872
8531
143888
7070
27042
3908
813
201562
1839
8091
9258
908
10808
54443
4646
1843
146909
7174
8516
84251
9700
84886
7706
4171
83461
80351
79960
23053
51497
10290
191
25927
7111
152503
23197
4189
11260
23609
9581
4751
5058
22874
23136
23043
6513
669
284403
55917
57194
54888
8682
2535
93663
9031
53358
10052
9429
10494
2512
9469
26056
1004
3712
54918
445
57561
10763
10346
3187
83990
11100
56776
10592
10046
8775
8710
55852
10276
1786
4953
8202
285704
256987
5793
10403
55002
23271
5631
57142
5214
1974
23764
202
9260
3659
57669
51763
3037
4141
2037
65108
7461
6301
55215
56648
9843
23310
3133
4249
79776
5523
728661
8668
23107
2091
6917
528
57650
11313
6535
3726
22936
168667
26227
58505
11176
51809
3956
54898
4205
8273
6502
23654
10025
8754
5339
7283
114907
7763
9583
5573
57228
8826
7105
54805
10097
5723
54813
86
142891
23174
54620
2250
23179
309
79048
4221
51661
55742
834
79924
10602
116372
51514
4771
3983
22884
4130
351
3091
92126
59339
9208
3313
4313
8829
255928
57701
5230
27113
23558
10314
79682
83540
4209
22919
3202
5887
79974
81688
29028
598
59353
1033
9139
10493
9337
6876
143686
3294
23213
80155
56882
5702
80219
1601
79586
8912
9448
26502
5010
3554
10057
4192
2271
51194
51201
51129
91461
1954
4176
5782
10024
1979
64131
1434
5663
2246
23462
6091
1879
147841
1009
5791
55970
25839
6428
801
5792
23064
284129
2744
55102
285203
64770
5814
1284
3556
9768
63898
344148
56978
10723
8767
55690
166929
5586
220441
324
5937
22926
9603
4179
4085
3074
7004
54904
730094
90843
3482
9663
22903
54867
5597
23646
9810
79822
4837
84858
51186
151246
1910
347734
1639
2022
169714
23336
256691
3073
56261
4501
1031
2195
91404
6251
254228
54852
55802
11130
10277
56992
57154
23167
7171
1307
10735
8975
54495
3280
339324
145567
868
127281
55975
55920
1200
26207
56937
64943
157769
3720
196383
153222
1964
23456
79674
159
109
27348
57192
11153
64599
5836
2217
55704
3290
51699
144811
23253
90135
9780
3105
6773
9749
219899
113829
7428
9830
27333
84296
80210
8204
85458
8992
81542
5376
2068
7436
23255
10875
5516
79627
51499
26039
3015
9805
960
4921
3916
10721
113612
55092
7188
23246
7756
4232
83931
56650
57333
84191
331
5430
284
26353
5612
55691
84896
84722
114991
7026
56970
7531
359845
25943
80853
55107
8997
581
55252
30001
90459
64207
6059
11228
127933
26509
1719
4038
55784
2669
57761
25921
375033
5464
201163
113251
65260
29091
11346
57648
665
26263
55629
3189
488
2321
54972
1317
92370
16
7980
5831
3157
4851
8301
144165
160428
283431
348235
5999
253827
6809
122953
357
6867
206358
6240
2239
25940
8825
5577
2936
5672
9962
23038
64283
56911
135228
55238
91289
2548
96459
79670
116535
4919
1164
54796
93649
55388
57609
3014
158471
51019
4172
81839
552889
3672
162427
2547
23768
47
8776
9394
51226
6509
7132
10238
84189
8314
10166
9764
9644
2280
81611
2597
65249
5291
9341
23741
65997
8991
84216
10574
6938
84836
79735
51659
63967
2590
3636
27131
10272
9991
64065
6491
9037
6307
6935
1856
55723
64762
817
3164
286827
6897
56852
4314
5198
4053
10212
51450
51633
54821
26155
3751
78991
203447
6715
9149
990
23767
10477
8894
89958
79772
80149
54510
4856
9126
899
3619
57045
23051
9727
26099
201191
3576
84961
81930
92305
2177
3399
84298
5901
291
27065
56951
4092
2491
29952
152110
9060
7323
836
116461
1841
11069
84301
55357
23189
6730
65010
9903
4312
57515
80306
1508
83448
5310
23214
22948
340485
9200
9296
2861
85027
8672
9052
57763
79939
10525
11030
9509
4811
10336
10116
23365
29968
84945
9859
6446
23529
5928
822
130271
81929
144717
6497
23112
9249
6749
9498
51430
25802
54832
7786
84293
1111
9221
81855
254827
8502
307
54477
10056
219623
23012
116988
392617
4973
79805
10980
51465
57658
8615
9648
10085
533
253980
4836
57507
54606
57559
2650
79870
137964
7392
10535
9966
5613
2710
23163
91039
220134
80114
4957
7572
4967
473
330
26959
54587
51621
6426
57720
8013
121512
23097
64123
64175
10733
26018
9088
5714
153830
56172
6117
157680
1295
10867
10856
8295
11321
23266
29969
2971
89927
55362
31
57546
6432
10755
57645
6483
84935
51573
259282
84706
8243
3676
5910
5238
22930
23339
53947
441631
4833
9645
9415
23165
8761
7625
79065
90102
7328
338692
3609
11120
2720
55207
9902
10228
54625
79710
57486
23566
871
9792
151963
221037
259217
1847
2175
2182
5905
27102
3727
9242
8318
23585
6135
2925
1184
51559
80212
9582
7320
1997
4776
2064
8496
9961
29978
716
6495
860
1455
23516
53944
2967
2098
92745
79083
9235
9555
26986
55288
1058
4015
51026
134430
421
166614
1314
54492
2237
23527
3921
10449
23001
84333
10672
1306
79652
54491
23187
529
154796
653583
9240
6662
2805
55159
64771
84552
3688
7168
1846
60401
55731
170954
84623
163
6196
6390
9837
6941
84959
154043
54820
83604
25800
83857
10516
55243
80829
9867
831
7707
54014
123096
84248
9540
5566
51582
29899
8436
7832
11274
57102
55196
472
5981
3614
100128731
51094
55148
138151
28996
2035
7259
7879
2222
10226
81533
3308
23066
1894
6709
11080
10282
493869
159090
80153
283742
5423
54407
27034
29994
3911
57534
1767
10645
10444
9451
130132
23216
653319
6434
115548
23531
9619
25966
79968
7107
3340
2631
4016
132
55839
84287
30846
10945
1509
6231
55585
7402
6016
284391
2803
145508
3987
27101
51776
27072
157506
253143
3339
4354
7837
3692
323
84271
9889
3490
6599
5519
6949
254170
22808
11138
8861
6199
220164
25925
6257
571
440145
9945
5426
9639
675
2134
57539
25782
10969
23113
387521
2634
54464
9156
80854
170506
22937
334
81606
85301
221178
2314
4947
7317
54664
4862
161176
55619
79672
170384
151354
403341
8945
84919
23139
29785
442213
57801
253430
59284
586
64285
1717
55760
6464
23191
509
10951
51606
25886
29089
23351
1975
5425
11215
57488
22877
8986
57589
10635
3551
9777
4976
9908
8543
221895
399664
1386
9020
10579
26503
4643
163732
10801
11224
1984
23071
10550
5888
9289
3920
10184
90809
595
57531
57509
950
7421
1803
56999
8125
104
84456
10560
23062
5290
5875
1017
5770
11067
8836
8914
9261
580
1399
29904
9371
161436
116832
80139
9375
51646
79982
65061
160897
6422
3398
54880
7637
23331
7126
11169
85403
29789
9690
56479
5933
79581
7094
7453
51542
23286
2739
80008
80228
25976
80148
79019
112574
11015
4782
23196
80381
4940
967
9813
904
79068
10060
55332
9778
2730
8671
171019
57060
2549
9076
64968
7376
133308
22873
6583
8555
51368
578
80110
92579
79143
6522
8428
29896
8881
10186
7917
53834
57605
55240
11034
4522
56886
23636
10948
115207
5728
8519
4925
51520
84932
57646
5216
8453
1869
51083
83879
5717
9735
27249
57655
26012
57405
26022
8916
93185
6103
114795
790
90379
27063
6310
649
6272
54741
10746
8939
678
22949
55668
201895
6546
6612
10423
83440
8660
1198
10014
5190
5744
1123
4043
427
79022
84131
80255
1859
80174
140885
23065
112
10956
55062
1604
3017
10950
157570
56889
220042
221
4319
80206
221336
10079
5795
5627
6767
23347
537
49854
90529
7049
26060
10775
905
11070
285753
56892
9931
2932
22931
6448
3959
165
84923
23127
90120
4257
6130
10544
9358
339122
7130
1849
1742
9915
10957
90957
25907
6249
8501
51170
53349
7398
6626
65062
154807
7029
56681
342926
84709
85450
682
81603
9532
55367
84232
50863
10124
375061
8976
90417
200734
64946
51726
197021
7072
4998
7172
9181
23199
9734
149041
94122
387103
29102
10642
5082
55346
672
3320
6596
64318
56101
55347
7169
65977
10293
113189
79751
79071
8458
7185
23649
60528
51107
4217
6187
29781
167681
169200
64398
5062
6297
5292
196441
79685
1777
27075
22911
23291
1982
583
51109
9604
11177
160418
3363
1054
79602
5355
23321
92017
50615
84446
9525
8503
10552
51447
10055
10924
65983
85364
3491
4783
79845
128077
23479
5298
26046
6611
7581
5515
133746
6550
10308
29843
2629
64236
26511
1969
4121
8704
1663
8995
273
7067
57708
867
23484
25894
84541
162963
5558
57498
2146
91012
79628
58538
10985
8463
54674
4173
195828
51222
79947
995
23168
8661
56204
8444
94081
6095
1736
26033
9772
57493
2335
55741
57504
8425
63874
7064
4904
51053
25929
55248
50808
51101
10788
833
54858
4335
55151
171023
3107
22848
4134
57678
57572
5578
55898
10076
10419
1729
4147
7267
25902
4306
10749
993
9656
59274
5239
10133
162681
55075
64397
6198
90355
117583
89891
5591
9761
79956
23413
3621
3897
25949
388272
10469
2275
374655
8788
54475
2000
489
727936
84154
6202
28991
3151
51493
3658
7748
52
57104
961
54978
51035
11094
51629
28978
10000
26271
51439
784
8438
135114
3764
5108
124997
10194
7277
23576
51308
162073
4780
5709
996
57587
4615
4692
8604
55194
467
23731
54801
1955
1983
6237
8440
10540
51164
84263
25842
4830
3601
3925
23326
51665
64718
164
84328
23032
23528
11174
93134
60312
2956
7716
7041
3021
338699
57106
6713
9820
8303
23543
204
1827
55716
79649
22890
6482
338322
51669
388
151473
7813
10724
25843
112483
23295
9804
441459
55851
286343
400745
84436
730755
65005
25963
9124
10312
3930
5565
55186
11244
3156
10616
4637
151887
27018
1107
100288637
93323
9267
91775
9537
22916
79932
55683
24140
2288
23446
221981
54532
3575
6869
57617
3145
81620
6396
23369
222663
115825
23235
10745
65009
57449
5802
9751
23594
92597
389
26071
4891
9568
27316
4908
342371
55157
91748
84102
116985
25913
10487
7416
54940
200942
25805
8697
292
84986
65083
112464
3181
55161
8566
145389
11118
84193
63922
4665
64645
10385
7532
79654
63891
29763
6645
2300
7922
3425
4541
25759
32
9361
4644
53981
7465
221491
55334
132160
132320
51061
55027
27148
647024
4519
257194
57162
8809
56950
84033
163486
27258
26100
4493
90381
79088
221710
4824
205
50488
171546
23396
55013
92154
79624
8506
9765
27286
54205
84675
56647
2872
9069
10473
10067
4154
567
9562
10410
57182
219988
11046
116983
317762
55680
64837
26224
9592
51773
4026
9911
3213
9097
166968
8309
4035
80019
10399
23554
23223
201161
84272
4520
7084
4200
10989
56897
138050
7772
11171
80023
1606
5880
9538
3992
321
116039
9978
5271
5954
80709
4292
81563
10252
23185
57555
4363
7745
29126
1981
55193
9209
1072
4149
7360
54834
83959
64793
10783
64425
80014
55833
4670
93487
55312
4216
10926
84769
5359
10367
220001
6924
8872
51312
92400
79848
51029
55789
6993
9586
93129
535
64115
5860
4924
4507
8321
51154
23586
9879
25836
26229
1191
4926
23215
22885
10342
8905
55114
5155
81844
23345
57728
56898
6882
8498
23385
2033
23293
25941
163882
8887
25798
3995
57148
57484
84909
23314
3269
25962
83729
22978
201627
39
84447
3146
9369
7538
23093
26073
23392
8821
51510
55323
391
7295
91947
9891
3241
51043
51014
3070
2551
7009
81671
23401
79630
153129
51341
404093
221092
5756
81788
151050
8833
415116
29995
51228
285282
9877
9401
27330
9907
55210
6608
56133
23387
2767
4055
7286
93349
23054
115704
83858
91526
282991
91272
5335
1968
100507436
144097
2
9168
5049
222658
1002
56834
23452
10360
5575
8539
55023
140691
55343
11072
55816
126375
127829
27244
51454
10142
11064
10586
84273
152559
51616
56888
117584
8837
64841
9044
50507
6143
2896
1497
4905
102
5511
112770
3840
23560
1831
26292
26505
23130
7916
10325
29083
342184
2131
3597
4320
9635
1355
84319
54862
10043
9563
1850
5236
5738
10009
8692
28966
81570
27166
7385
58986
55218
2260
587
11021
64105
6525
375790
56987
26286
9897
51588
90987
5422
2487
2295
55904
379
84295
132671
124411
481
55247
8795
93109
9797
4669
9203
9282
329
9868
55536
51639
3615
5870
10513
5599
55623
10250
57018
10762
4502
81669
51604
5885
1263
55183
51569
51
6891
84188
3087
1609
57190
9440
9567
5160
80232
9736
57506
9100
9559
147495
64395
56986
9189
90338
7351
90956
83930
355
8030
1388
220323
11342
89796
29954
1629
23190
64710
134266
9754
5902
6447
7001
5287
6161
3097
54
55534
8572
9263
112858
55337
53353
26994
3304
10347
8200
7027
29110
6695
2296
91057
23463
23046
5894
10163
6498
4781
340061
85377
10490
59342
646851
56895
22803
2817
64760
83641
79039
63941
54469
2052
63979
27430
2287
27122
27338
6943
51150
162962
81502
6760
4710
5562
8732
11285
348013
840
8935
222068
10048
5931
10826
4616
3735
83636
5427
9601
57088
80119
8835
84898
7678
57020
6222
476
151648
144455
5868
8707
56829
115290
133
55676
1410
283464
6427
5737
6147
83787
146691
857
25758
2591
27254
51441
23612
84612
23341
523
147991
3678
54811
79791
2036
5424
348995
91050
5983
7991
51545
10725
23414
118980
9883
5125
29980
29800
58489
6320
201475
11044
64431
51527
5863
4739
79442
9147
9678
51663
5984
253512
51106
51422
54542
6334
2331
55735
7866
284217
1616
30837
5001
9612
5494
283208
51614
56180
4287
328
9724
149478
90624
10396
5872
6751
57171
221749
65266
7516
84668
153769
55755
55775
8675
54360
259232
81609
8678
81928
8518
8850
3866
91137
6919
5962
56917
317662
6793
126321
64781
79768
51645
113277
374393
4125
55770
5142
27327
573
56104
26091
1836
546
5859
161742
7582
51274
10254
1545
3978
8324
84321
7205
4642
347733
79026
2677
283450
9823
538
3326
9647
22823
59338
29081
51719
1452
55074
51393
55331
1912
54462
9399
285636
57099
80223
11082
9557
80071
9904
6622
9929
284069
55103
26135
644
55108
7412
55154
203547
2192
11152
5412
6175
64897
80256
26750
283337
768211
8467
6789
80820
221656
6048
8985
10910
59269
103910
9404
84444
7292
126208
122553
5603
51147
55809
134510
90
6857
23258
115572
375035
134147
10162
171024
2908
84627
284361
200894
63910
64121
84437
64782
85446
113
9397
401115
599
6309
3069
54976
84795
79807
26585
84883
57089
1757
4880
6829
90333
282809
22943
57522
207063
23512
81619
51324
55246
3066
6609
79177
81618
7251
501
6624
5018
55832
5293
4540
10159
5393
374969
89848
54617
1965
27133
7175
60485
10659
55862
51138
10134
113178
3661
66036
84061
2289
56731
55681
6652
55320
84085
11270
6776
144501
375449
6387
165324
64324
10127
3184
745
53373
727957
10905
8848
3159
663
5711
7078
10289
55902
54557
2189
10209
1185
162989
10440
54875
26579
91663
1445
6621
3183
6664
22880
10036
199221
57335
64764
134553
2118
9125
5783
51018
8729
23633
157695
163049
4240
84056
5019
641
151742
5699
23780
54776
4054
57786
22872
6890
6733
80230
2202
26973
38
51282
55004
114897
51594
145581
875
283373
89890
5997
1523
80152
84864
9374
54206
84146
63931
5157
8722
25989
55601
57217
54622
25948
1611
65008
8406
3020
205564
84529
2787
9969
10231
10940
81033
1605
10542
9425
57597
23224
23608
5716
51567
5110
27097
65264
10589
115
2178
338773
222166
196463
9021
58504
22807
6510
85465
10420
144404
148252
10625
3417
79085
10096
55266
1798
7675
340075
203427
6124
3301
388962
2495
79948
51253
140775
143684
9520
9141
7456
222865
10982
23324
84256
56241
84336
55164
10521
4303
22990
57804
11333
56103
8804
144110
9545
284611
348110
374383
5557
1593
84978
25861
389792
51125
286097
975
1021
2997
2517
8237
23177
29950
7764
114781
23201
79786
57594
55783
953
1129
2273
65992
84987
79007
10424
60436
9470
30000
94104
84300
201266
23659
5787
55671
119391
64359
57827
81608
56062
55275
3656
2950
10898
84162
11117
118424
79415
1655
1893
5900
4193
23549
29855
375
5818
7167
6227
158135
26136
89795
56129
8208
6500
5479
57505
285672
10040
5507
64222
253714
23515
5447
9878
114294
10791
57693
55437
6990
4863
23420
3032
29915
23597
23231
4071
90522
25896
2354
81622
2935
23354
10131
79070
55670
57690
11315
397
84641
6132
4685
155066
146956
10066
84513
55144
91869
41
3705
8533
5257
9975
80005
9733
55703
54472
60494
23154
1525
5151
8607
NA
6493
4521
80209
64417
10161
114904
5993
4289
57553
23518
55055
2687
79142
9138
4668
8910
4698
1861
55744
5754
50854
2232
9270
55300
54529
283643
4841
152006
79188
79866
26234
79862
23275
9611
10618
65065
821
9334
51196
7378
84628
6536
57687
9246
58513
6764
343099
3035
57717
7705
81631
285172
11149
1212
387700
55603
57381
9241
8674
84725
257364
10726
81035
140576
1305
25992
892
55274
8731
51586
51177
286205
132014
8943
2735
56977
410
23381
8721
60492
8802
100289635
27173
8317
404636
26278
3679
2690
6778
80824
347240
284207
23500
4697
80010
92565
65265
23644
5914
79659
64210
401152
3155
997
5834
3965
79980
4074
9990
140685
10507
4361
84572
25932
10174
2309
6567
23325
81689
9631
1647
63901
56121
28986
6230
64112
2014
400073
27352
113263
57521
55737
2167
3163
81545
6839
91283
2619
23203
113791
60681
1122
10126
1362
51477
8019
6218
11140
55732
7699
5139
3757
284161
2673
85480
196527
10213
25827
9923
54828
9815
1429
55010
79086
148156
26115
79707
6305
54993
9760
11132
9767
10311
1665
80003
8479
7306
9382
5947
3251
3033
64866
5073
57211
4040
253152
23621
5311
4796
10608
9244
79590
64979
6389
80055
27163
6777
3612
158747
2771
54149
4437
55197
132864
55199
23060
1960
10654
8061
3400
10106
56943
2539
1857
22981
50515
11020
414236
9993
56099
64093
23082
57492
57222
23204
80700
2117
1277
79798
51444
84254
27295
65981
56288
9950
8548
8703
23148
5990
84515
389558
57666
135112
51517
10335
9675
9774
900
65059
26001
4037
348262
11339
26259
211
261734
79172
9342
553115
210
55777
23344
253558
100381270
56654
5611
22854
2557
7403
3628
66004
1528
117854
57120
57216
5360
3945
728927
10920
11212
80271
90196
51248
6785
7133
63027
284459
4900
2580
3696
57231
9140
64078
50640
79720
55577
89781
5074
81857
10267
23384
129642
3772
137492
23317
3371
3552
200186
1759
2109
22928
151636
83937
10432
112950
11261
83986
4488
57707
151613
205428
79915
2627
10844
55907
10575
114898
55352
80018
1471
2193
8050
9890
1687
8874
59341
6404
7869
10509
661
8669
2632
55278
23178
51119
1653
1947
57463
51528
6520
9943
7905
148268
83463
7562
1646
23114
1933
10042
51375
124454
3703
55009
6787
2107
10752
10468
252969
9534
51523
55224
727910
9807
57470
9632
10087
25852
29799
6144
255394
90293
4591
441518
22993
444
7464
8714
9446
58493
22982
92610
9726
401494
57614
6194
51390
9584
51143
286075
60412
84687
57134
54328
29997
27005
11345
23471
113000
124359
6206
64423
400793
54536
7003
5295
57576
9318
7919
57446
256281
2130
7693
55012
6388
23049
55588
7576
9184
5471
3188
9050
5911
5052
345757
272
10150
84926
5886
57477
23421
84803
131118
51251
2900
55969
8027
643155
7443
11127
27303
8411
60313
5828
55233
5201
56122
9517
1743
3613
526
55505
8824
283635
92912
63897
9742
10464
84759
1130
6992
127262
245812
811
51310
757
3763
339745
57584
10152
5093
9344
80830
84925
10914
256227
6374
129293
7334
861
158358
284309
27248
5734
54989
196740
89853
9215
6907
118987
57643
57719
2171
65243
8643
23468
7422
55798
54806
22941
199704
5833
79629
3092
10016
8031
80045
747
7375
54893
57091
26010
3880
10658
1514
9668
8609
55781
51062
9655
56111
7373
9984
8880
8310
132789
9677
55330
90806
57175
7596
7391
1806
4294
6155
847
54947
4826
79969
25972
25849
128
29085
50626
3176
5685
6643
6152
6188
143872
7158
7710
4774
3309
23607
10607
5536
3423
83666
8218
121665
8708
56061
1108
122769
7164
22862
5917
9117
374875
92689
51193
1959
51435
54516
51534
51108
1047
54058
7626
345778
374986
92714
5648
54896
653784
6170
25840
874
142678
8742
30836
51507
10128
1368
23028
26156
55034
5229
4512
84259
27245
6142
84285
339263
7419
10569
65979
11179
51421
84561
51434
133619
23234
83987
9495
8694
6470
5437
2030
1992
9854
156
4839
10404
50804
65982
1209
2200
5469
3608
2184
308
4775
54977
55279
126792
29940
84243
226
3796
57169
79738
3300
2596
81577
133418
51006
5569
5589
9231
208
58155
124491
79693
287
3654
5308
203228
283991
29948
11332
78987
9188
85415
55748
162394
51362
90321
65124
339451
126070
23564
56126
7644
83903
375056
5696
10500
27241
64399
23432
832
596
9001
8930
10389
388403
1019
746
55743
2773
57153
1829
9352
79144
55806
9688
10434
5324
143903
222484
10928
221927
1802
3635
26036
1837
80135
57608
64089
4204
6453
51720
11137
50486
516
53938
55222
6217
25957
79895
26953
50
23015
3980
9575
23102
54916
84260
219844
1810
84662
3215
498
153768
55646
253725
NA
79613
10656
7536
3910
148223
196403
2110
285550
64965
55071
7556
5606
28511
2863
26108
144195
5255
23645
64224
65003
54676
55900
6837
8476
55351
7732
493856
6233
56985
5036
10947
5193
57085
147948
4927
55276
5925
26260
7227
112755
54069
8649
152217
3643
115123
26121
54496
222962
4286
139322
64839
80204
4337
80789
642475
1119
4650
10491
113174
5861
11235
65018
23382
5725
10594
10455
340527
79651
197131
79157
51074
6666
51005
373
5033
55270
63934
9314
51449
84971
6119
55041
5921
55831
5813
57610
8932
3977
6154
8455
10960
6235
5002
79084
23176
28976
5528
6372
594
794
7559
5879
79650
5819
5673
8772
7046
51230
26999
152330
10195
200081
340481
1363
152518
1854
3797
57172
50862
140739
54439
51340
56975
8131
51078
257218
7095
3899
2825
23625
114928
23025
55251
55827
22894
1660
160335
84236
63035
256364
353
63926
55171
150684
84064
116224
26284
10430
91373
114932
25996
286077
253461
150094
11186
29893
140700
84527
25822
6950
1173
55720
261726
139596
81532
1781
10061
347735
24147
81849
6181
84418
10210
3185
26020
129303
10644
374654
55667
5452
11091
2013
80067
6660
50484
23132
26267
51496
6734
2017
8078
7769
126393
9167
2059
375387
56912
5864
283349
395
9641
84918
84307
347902
7695
5534
192286
23580
8459
5593
55686
7782
64858
56257
306
10904
440275
381
26225
9439
9731
55325
9524
84895
57510
57396
9770
3268
5245
136319
83648
51602
11128
255520
84947
122830
84548
6894
280636
11135
26277
11155
23708
192670
22898
116138
23590
54931
5871
200879
7767
5434
1534
5478
59343
55779
55812
54994
126820
23195
54442
23376
729288
11151
166
54708
3480
22826
9130
11194
84897
11340
126299
23254
117248
3098
1039
6193
10520
55256
440498
1397
6176
1778
27129
550
79733
284307
79038
10505
55759
11338
2879
401541
27341
375298
55361
987
25
402415
286257
10395
10330
79622
25926
80179
64407
2187
64834
84816
387680
23443
91782
333
10533
6560
NA
183
25978
23157
56916
23315
5899
7224
196074
57494
51678
1052
668
9230
5891
374395
3418
51065
10767
2736
91304
503542
27076
5091
260425
285343
157378
55558
5130
8794
10810
84892
23353
196394
6920
5987
10972
1382
2353
112495
951
153642
9880
54946
4803
27332
5440
22879
10773
644815
2959
57103
84197
57062
79780
3028
81853
8780
5037
3485
7247
5694
7266
2683
112398
4012
79634
399665
64785
2581
3885
51759
25793
54956
11221
79760
51104
23761
23332
91608
80774
80205
79903
85461
23303
100505876
64326
79147
91942
114793
51478
51343
26094
2081
84798
9093
160851
1513
64412
79077
64110
9858
10963
4537
87769
9527
823
7025
55727
10627
8567
10946
5695
113179
6794
55906
160
55198
23513
57179
283638
26122
1488
51397
5898
26005
6326
54107
54468
8226
23241
7936
23161
55762
60626
7128
23373
2009
81926
29953
374900
84962
400916
222183
203062
5468
166379
83695
55785
23327
10333
182
57476
55697
10564
113115
57478
8970
116931
128866
201973
56127
5140
9937
84078
9026
57181
55008
9910
55262
9712
84804
55610
85015
79837
4077
50865
23151
3434
10456
57600
56474
57826
55435
79834
57670
54865
23172
9672
7472
91107
54535
8797
7410
3093
115201
80308
85300
64769
6692
58506
NA
1289
79135
23169
3717
83932
7477
1487
92922
10691
51122
4691
727
8800
7770
2050
64418
118813
55139
10243
2101
24138
399909
23192
50814
84924
25974
23118
23411
26032
2934
8718
26610
7091
23024
54982
9324
6238
55366
135293
83638
25814
338382
7942
55147
4725
2558
254251
79703
6134
55297
112942
60488
51099
5605
5740
26123
92609
51236
9422
27183
9817
734
8651
81488
2889
81556
22998
11099
55076
10010
51148
23511
63893
28977
2762
23023
475
4514
6002
64981
266812
285237
657
26057
2992
79018
114049
79829
91433
29775
57704
56927
54665
131601
60676
124936
3329
57147
11234
51373
64598
5537
165918
57575
6189
153527
6748
113246
54891
51135
154467
64857
114880
115908
8612
55125
6714
10239
440270
1889
50628
5903
8805
55958
84930
11230
4436
10605
57448
5297
1535
200576
147645
5514
29967
57124
10908
57480
9412
5707
222389
115353
149986
10111
23788
5621
64328
6651
57579
113235
1020
388695
23530
688
6319
4508
89122
22995
7918
93627
311
9564
100101267
6902
8831
51330
130340
54470
340385
10452
55212
399474
403313
388566
55137
55905
55172
5162
9373
549
389432
2766
29100
255783
10411
2820
4705
7157
9416
6047
51506
55219
643853
4676
91750
9791
100288413
7110
23368
8706
1387
84079
2494
11199
10554
11284
9643
7408
200312
6879
84747
91368
159013
161882
29844
26289
23567
1315
54823
9887
91147
9658
7223
9278
9852
286826
7342
100131897
84525
9941
54861
79886
374946
93436
6125
157567
20
11119
7024
8744
3725
27130
60509
8412
10180
84890
90627
115098
6722
55769
63875
9922
7498
124402
7799
374462
27067
56894
84057
9410
2242
8550
9013
51366
94005
337867
57532
468
9057
10286
64747
1207
3716
10023
266727
91801
112479
56913
80762
51531
5982
83737
56125
5429
168374
56910
1292
1161
6668
199692
147
4678
29071
54953
51377
50485
220
84450
84984
84681
54558
81559
10825
10175
84124
391059
51526
1520
8021
84327
65991
144406
402778
6620
79803
2043
63899
92285
94239
27340
23478
3106
6892
80194
55788
79719
51747
322
8545
4629
342357
9519
2946
3783
8099
64063
10806
NA
80143
81567
102723996
115265
2180
27043
10869
151176
121441
1340
819
342979
6209
25807
84172
706
1181
63917
7325
23268
1876
2960
10514
56675
522
10497
255631
5701
23435
22938
2937
23568
6619
5066
26048
94097
64682
64924
11236
652
79671
147179
8570
127544
55345
9388
11141
NA
10632
57599
54962
10499
57185
54802
399726
201725
27153
148206
5757
11018
8242
9710
6128
10054
79000
8662
64788
23171
144245
54681
54778
55315
140461
9819
79863
10715
6780
6721
653820
28968
1608
5531
29941
84916
116840
10479
1537
148022
55967
8641
84910
56123
50618
57418
23239
10207
81037
55160
80221
3964
130074
4301
10555
139341
1371
151556
64689
54537
9790
10084
200916
2026
85441
81931
84975
23355
80013
23360
5264
5064
4677
143458
10073
54859
51278
60343
5763
64223
199731
54471
284615
8492
200895
1392
6871
4076
56106
55837
23116
144348
79641
4355
9696
79174
7915
7703
23218
1294
197407
8655
4660
7844
6046
256586
1950
79888
339768
100129842
23221
5584
114926
9045
201799
27106
10906
9927
51398
376497
56259
7746
119559
130557
146540
93058
23371
92815
25804
254048
114818
84752
163859
23111
55901
123879
5096
6844
2873
3998
26232
219790
83693
149951
9092
57542
23592
10699
145173
8540
51182
6936
81565
25994
147906
56907
51166
4538
63933
220002
6400
55128
79633
1756
23358
10234
3981
102724250
23770
6487
55656
9526
29114
28951
79754
5500
55652
27152
29946
23230
830
114908
1459
8462
153241
80025
79023
64784
1650
205327
2542
3297
6634
8895
54737
92014
5396
387263
6421
6480
57161
84913
29035
9150
56110
8193
65986
3710
22832
57621
137695
55217
4350
143570
51304
54808
10626
23379
221955
4728
130872
55846
2181
90693
23074
58472
25930
51100
7884
5930
57688
115286
64221
6880
7469
1407
9898
29988
9123
22933
54969
344558
10189
11222
11258
55110
27297
4088
94015
255252
283219
10211
497661
4835
55084
2152
115703
4717
26084
221184
7090
8034
7329
23683
84708
167153
23412
26470
29894
729440
9053
50999
1951
390980
8427
30061
22984
84929
463
494115
84261
9091
1949
5980
50650
949
84667
23383
23380
22920
163786
23265
54849
92675
57711
127687
145864
153339
25981
57657
84364
9718
51123
57472
27229
10848
10392
23682
91683
29903
666
10241
24144
79034
3217
79616
80301
55799
83992
55163
8924
412
5877
1780
7182
23760
23207
27077
2920
64754
994
10622
23429
201595
8774
1241
90649
57620
9968
53916
2957
617
57158
84940
55553
1398
57820
136647
11056
8812
256051
27236
10766
84669
23245
55450
10772
136
7043
22794
654463
54756
51564
259230
60370
8312
122704
55036
3841
9380
3875
3338
11073
9706
25851
51124
5111
25934
409
22907
5720
51592
143098
5243
5955
93621
79042
4236
64400
55893
3109
7257
51071
23173
6631
83941
55684
51142
6001
53343
9715
5892
7011
4430
4716
8915
65263
79832
54454
123283
51805
51157
54822
55734
84335
55738
9218
148203
353091
30849
8658
4144
10780
10302
4848
51593
7086
1796
3336
162
84879
113402
3077
121260
81832
148741
25788
10138
9223
83982
1028
2651
254225
79692
6616
55187
151393
25865
57590
55591
10970
51560
10558
6159
253769
5636
23098
140823
5433
6670
10113
51162
57149
55504
126526
170959
255967
10208
115817
55344
5934
11188
114769
8888
56605
63908
140707
126068
3082
60672
374659
5927
84065
1211
63826
56262
9423
116028
123263
84893
883
51704
25819
51134
9308
27085
57209
59286
93166
220929
613
64651
466
80097
203259
79750
7874
89845
80207
114803
5305
9329
10919
5063
29121
539
339366
349075
10318
7444
56603
60496
65123
23067
4218
113452
114823
11183
170463
56990
51631
23431
6300
9110
339500
22863
6093
51389
4238
10765
23404
79155
5286
130612
8738
9794
2395
8526
4799
1737
255104
162972
4793
339983
90060
5552
51105
81543
6490
54965
9572
9743
10921
6573
1793
23307
22989
56935
5150
23774
55007
23616
5538
150290
25873
285382
22838
23264
8546
2885
388115
4299
284371
5932
10935
5581
221914
284992
6444
84279
388677
1946
948
200424
90525
53
56851
79658
201456
6792
11163
4326
81894
26061
6275
149603
9722
432
1945
24149
79582
51307
9609
55225
112849
57713
29957
152137
10237
26240
11124
2120
26146
54954
2086
11107
7775
4060
51149
9863
284612
10179
414919
147807
80095
150368
2319
6653
56113
9895
2745
92979
6129
55192
55304
91687
8289
9217
11007
375484
26167
55284
1723
23144
5602
51073
1666
8934
9917
28998
51249
55571
60678
26872
51199
5431
6505
6208
58515
11123
79673
85440
152485
2054
6801
23085
284565
56112
392255
54108
23091
78992
51714
5973
132321
122786
9839
4239
9846
5289
6049
51068
5098
9698
10203
10522
9870
7867
55359
54790
246175
63876
84878
23335
1962
55818
23474
9325
28971
5985
25900
10465
201626
387914
6948
8665
81566
4801
11187
57698
7005
85395
9577
2113
4542
80169
8573
5567
5610
29902
23061
9871
4297
5865
90850
54482
10629
400713
8454
55502
286319
7425
3140
1431
84532
124900286
4248
83658
6156
56114
9610
23514
84461
7374
55622
83468
147949
3201
5496
204851
7593
55142
3685
84181
64928
1376
314
399979
6788
56242
2618
28960
1994
50861
406
29890
126119
51126
3344
114789
4131
85363
11328
283489
2122
2926
9202
6330
10758
84153
58527
6654
55230
5361
58494
4651
54551
57122
11129
6595
829
2931
91978
10714
6195
79987
60685
10474
79075
NA
54881
127703
55825
6133
387338
134
29959
23559
54476
2965
57604
23047
55626
100127983
255488
201514
125476
79591
1278
93594
23243
5504
254531
55421
26205
55205
4017
9144
163590
28231
5352
90480
7760
23526
161424
56108
25912
5564
55757
57639
221424
153364
100289678
57700
10961
2624
7087
5371
55728
8745
115416
55572
28956
148266
9328
5445
5395
84629
1456
9166
10650
55776
79850
53346
56097
22828
6578
27239
55113
2909
55166
3598
288
79954
89874
79933
728568
93973
5604
7620
1936
54878
9826
79006
55153
10933
374378
55968
64777
29063
9853
79576
343450
57482
10664
115509
2191
28989
10695
79004
6304
58487
3750
155368
26011
5300
51320
9679
388789
140459
23333
84498
11276
6341
222229
6563
51069
151195
90378
7871
91653
55726
51654
10915
126282
7804
9531
10165
5530
1296
146857
23521
8045
57799
284001
57569
NA
54505
10123
2923
79989
3516
51082
55272
51755
10188
112616
123688
55030
3428
53637
5211
6168
56942
9989
55291
79364
23125
51762
10206
51300
6136
23180
374879
64895
864
10426
2778
23019
79892
60682
1600
23122
23304
201965
5594
2852
25999
7551
79137
168507
6451
4931
79778
154214
65110
5935
8725
90317
84614
85012
150275
54538
6160
10328
79929
8493
56132
80213
285440
6667
389610
4681
57528
54764
10384
1147
9191
29926
55638
116068
50636
54885
55971
64921
11159
79095
7019
125893
79739
4696
81691
344065
400986
84717
3815
5050
23259
5356
730051
63920
23450
50940
8439
11160
6603
10973
51360
9134
11104
6650
3199
56925
1025
3303
64430
64787
79607
154091
22897
90441
2593
653308
1874
8520
2049
79879
401474
55094
10671
56102
56100
168455
4869
9326
55974
5442
5428
4277
51111
23671
55653
5051
84440
841
115399
414
26589
64925
56965
124044
2664
9456
57464
7424
10099
8724
84302
91369
154
55614
90933
57491
6591
23361
8228
84144
23162
57109
92935
6506
9689
219833
627
83719
55228
3460
80017
51295
195827
4191
5595
55803
85449
54512
492311
11016
53635
4047
124152
25875
64081
4086
5228
6641
23363
3652
1891
7042
80821
5585
8907
63929
162655
3376
10673
25799
11060
4234
90139
1977
29078
54762
10322
23008
55250
NA
3914
55239
8815
118812
57017
91749
51133
56849
51351
26175
90324
770
3190
91151
27243
1615
51550
54872
1291
9306
1345
23219
84542
23137
219771
2622
8036
147912
9605
8611
7289
9687
5325
55095
7341
254102
9522
54020
55664
7106
25766
11054
79717
84458
162967
79902
9935
5710
1519
5034
5170
163259
137392
55527
5524
966
9040
64853
80777
51103
653464
8536
79712
114881
8816
1728
7779
92255
56254
79073
10657
6542
10019
9406
6786
51185
57544
57452
25915
30827
51167
2185
145748
84640
5780
8790
9135
1730
54970
25777
2560
494143
95681
1326
5518
4791
84274
6397
5315
2983
2303
176
64927
3704
55810
284406
310
1845
7324
6207
57677
11037
283578
10244
202018
58526
116064
3416
84969
6812
34
54797
51808
84547
8111
79864
23405
54942
84915
57697
28232
4485
81575
129401
79723
5164
5641
805
53827
27439
54432
3433
7415
2218
94240
23011
92822
285367
435
26035
8864
51460
54906
23403
84294
1636
8086
2878
150726
91694
140735
3364
4351
10038
9444
57462
25939
253959
10628
57404
8082
51603
84872
23276
55733
27309
51768
8556
30811
5501
9896
637
7768
2584
155185
91603
65985
57520
94101
3094
51175
79819
5118
81034
2976
6672
6915
5101
26128
8192
10393
9111
81572
388567
8884
56900
29942
51234
284443
10013
8038
51171
9901
54460
11033
6197
23476
6273
6925
84304
56952
231
23595
79003
5532
9351
23036
55133
92737
1490
57037
200407
6399
51374
57097
154743
7728
5889
5481
285368
112611
25879
203069
5411
118924
284349
293
167691
4215
9310
55227
4735
138199
221785
3622
2781
55596
11013
7920
24145
8504
23635
6157
2071
29105
267
2224
54908
53354
7291
8220
11264
55156
29929
11278
6832
6171
10992
5635
283948
7203
163131
1116
3292
56929
439
79746
348938
80233
9061
80313
80321
9255
11200
126003
220213
217
6416
51003
146
5878
6720
54103
84545
11095
26960
11238
4552
374882
658
81031
83596
55793
3295
54795
79794
57459
6586
79783
81792
60314
27291
79101
3856
605
79016
8106
8764
55167
90488
6617
79171
54621
84318
23095
92259
285362
80177
51706
6696
8803
1272
92595
84678
1364
125061
8711
9077
55717
286053
6398
25824
9825
147007
7319
284297
27292
2286
2313
132430
131076
7038
8554
84445
57489
51286
139231
10782
57223
57661
3276
26063
23759
10630
5338
54987
22818
2733
96764
90780
5188
81553
79230
253943
90634
81621
219855
5250
79621
83445
254427
131616
5719
1967
55017
1613
51081
9900
127700
56902
8899
80325
9913
22846
6332
9849
4208
65250
2140
3633
79959
NA
23400
94039
79921
100131211
7528
51406
30850
79161
5700
63951
7554
54819
633
8851
3814
54902
10519
79573
25816
8664
55845
6628
7525
26524
222236
9976
7798
199990
53339
93100
3198
55336
8187
6376
610
23035
55249
7057
56141
79823
8178
54499
10949
54884
23390
54876
8515
2700
5771
7965
5147
3224
64342
84138
58478
339344
9473
662
83480
51009
79962
4820
1656
5781
54497
57633
7189
2230
6558
200316
22900
25960
30011
84268
9633
7075
5116
117143
60673
9654
6256
100128569
5350
4059
6910
83593
55924
8840
9277
25890
3592
57695
55296
27314
2139
58516
23037
7485
166336
26007
10482
4809
56109
30834
1192
10827
2534
50619
152519
134265
29766
196410
10678
200205
1468
9315
8241
4494
100101467
8871
64225
285381
782
58525
51218
55829
23042
1738
3839
6940
80262
6584
79087
13
23090
221303
6945
133522
55922
255374
53917
55714
148398
140465
196528
10585
24142
124930
50944
1196
78995
2063
1460
51096
26090
22824
9054
29803
91752
51495
53407
79666
84311
147463
84671
163087
440590
51000
9894
10857
26058
343521
6815
554282
4281
84632
928
56160
146050
23322
10365
23089
163227
6903
139716
55841
339487
8497
57035
347344
23623
5187
79752
254042
92105
90204
9367
80216
5959
8898
60493
51263
89970
58189
471
9851
23155
6158
1201
441150
80176
80851
28990
4659
4747
11161
29072
388558
29882
5978
57556
51522
6674
4302
114825
22913
85378
6118
10436
389658
144699
51256
56947
6092
84080
388536
6627
3600
6201
55761
6553
6137
115752
9513
79867
375775
54758
5208
5495
10216
30851
5730
84245
9442
4779
2887
85302
84957
55313
79009
348801
9064
148304
8460
1384
84060
79187
125919
126433
94107
23787
5087
51016
84340
79753
26027
6166
5797
10712
8938
6717
51575
1789
7013
79583
9958
51306
5979
26504
221935
80776
353174
53371
84159
140609
10362
57631
124961
81544
3646
25864
9827
2827
51231
7389
25850
23541
79145
50717
79872
345651
79882
1659
64786
728888
57380
11051
11251
5774
5499
55146
160518
6810
284346
84934
54165
162966
729515
9079
56623
284325
30817
7347
360023
10146
4744
51676
55750
2339
3756
128553
6834
5032
84955
91010
6469
80224
21
550631
2582
23503
150274
10459
64756
84250
22859
129787
25832
79102
64432
51060
57460
55669
2135
51657
55795
5805
9409
7507
27068
5826
26112
56128
65056
26469
146059
4883
51239
143279
8028
164091
3550
84270
574407
1725
23545
57683
2047
4690
5784
153562
7691
83716
5007
10039
8667
29914
7553
11231
146542
10617
2067
55692
1630
10846
8859
29068
119504
93183
401097
90410
11335
91661
7773
4285
7225
10959
256309
55201
121274
65117
57184
7633
165055
3281
5563
11011
10450
4045
51114
5977
84557
493753
1603
22904
79810
5174
527
4772
79905
726
124583
9274
54901
6489
57479
7750
10776
90313
6727
9882
348180
59349
22921
89953
54414
7638
775
5727
670
342892
54973
267002
149371
1027
10391
54799
101060684
84787
146712
8853
79966
148113
7264
1176
66005
55863
8560
1070
116092
112970
81562
55122
90423
10381
1390
79598
64976
55182
146330
286207
26507
7020
10294
23033
1154
10809
84343
220388
4122
8726
64219
51710
4535
148254
51131
56994
414918
3312
11000
26298
54934
79729
9955
7976
55329
63906
22929
134353
10397
22999
58500
219902
167359
51530
25953
201134
5629
4733
58488
6050
9462
2738
642
5095
10273
408
6120
124565
54968
51754
8153
83696
6932
1195
134957
7249
54438
28964
9695
84108
124512
9847
27175
22955
84814
8473
55374
7082
23287
84908
976
375248
91612
339229
80020
84901
10818
10475
8625
79047
9762
219348
6605
1901
374897
NA
54869
1477
10922
3845
57118
7355
4128
85414
1435
200844
84705
5141
85457
57180
1676
54903
4763
646962
5607
9214
64743
54948
7222
90326
55168
6883
146434
9173
7979
122970
490
22891
55609
58491
27315
3191
439921
81875
84219
199777
4814
64426
154141
10929
128387
2843
51011
83541
55072
5994
51335
29880
858
8659
80142
65109
80818
9170
57466
143244
10640
5708
6430
10220
6856
1267
26984
56124
25901
440073
NA
9746
284086
9466
25987
121601
54677
64168
54810
120103
25979
83742
26003
2847
80329
150771
60561
112724
55509
84083
56624
10401
6929
23070
8808
134218
221830
51008
57095
1870
79695
3064
390940
55658
6184
80344
4509
84280
440138
5634
81892
4946
92106
201176
7390
1105
85463
54899
55593
404217
65244
10614
27090
7881
5580
9535
7268
35
22883
57622
2776
166815
153396
27339
400954
4524
10144
158427
3108
23505
25821
83594
83743
1643
1312
5253
152007
64403
5991
197358
23523
5896
390916
8663
518
1112
55038
4601
2209
873
55226
144983
2201
4034
10787
1489
192683
2648
23510
10007
9541
7405
10154
57551
548645
9814
94059
219541
25841
51703
85025
6433
9475
285966
22994
5154
55015
9551
9016
10140
24139
202052
10049
92092
606495
64753
92799
22835
114791
2194
26064
5184
1389
645
55093
128434
10472
81847
55209
80765
23288
9491
223117
5251
25888
91252
284004
55068
26037
11266
256471
4736
259173
5520
7186
129080
152185
5016
7048
6311
137886
10634
5226
9788
645369
84134
5463
284358
128338
25936
2653
93589
285315
1958
56267
57731
55701
6468
54629
51371
6169
57673
1316
140680
84433
84948
6633
131566
340252
137075
10018
7296
1739
284467
10501
1746
113444
341350
2123
3065
25771
10847
55561
7743
3212
84264
9516
51097
10291
9650
199223
51258
9801
7318
5179
8636
390927
9857
1495
133396
6431
100131017
64216
84133
112936
1674
29920
54332
158046
55501
10181
26577
6339
63939
339977
84310
6314
6229
51287
116150
7204
30832
23641
220988
92162
7108
79846
84190
55650
9666
26521
25790
55814
347273
29108
5830
100885848
200728
6167
23002
1812
148641
9842
338645
84233
8558
285676
26002
83464
79979
147685
147657
4359
1911
55640
6150
9578
3949
10287
84936
6742
81856
8644
84549
360
7014
119032
29985
3563
10201
51290
1102
286128
29886
8933
643641
8266
25904
5337
83442
22878
51117
164781
79663
254295
90990
22837
342945
56521
1327
90871
10621
80178
100128071
23269
79901
6284
10301
253982
100128927
54431
9636
22868
221687
7594
118490
116841
26052
64419
80331
9855
7574
6884
43
4539
5881
57128
1175
57718
10005
51691
2108
84861
23428
114799
6203
1915
54839
83451
6623
9529
81537
56034
8527
23143
203102
8717
143678
79587
54963
157657
84034
51562
5256
55719
91624
27124
4750
8799
5794
79701
790955
65980
23272
23312
80728
112487
23762
5775
83734
7988
284273
26235
10717
29924
5168
6415
6636
8085
26017
NA
84501
221496
221120
6429
57649
134429
8339
10295
134285
92806
113878
55294
55285
249
64802
9709
56674
5436
3738
415
4700
9739
965
84246
2079
6745
51021
4329
9187
163059
51388
92002
26160
80328
56672
375341
51554
51379
84282
10603
114569
239
29927
8270
387
23076
85464
5027
29889
9939
79991
11180
79828
57191
644538
80816
7184
80263
4968
3419
83759
8291
1374
22
6391
114883
219931
29767
221786
140467
57536
83856
26519
814
114327
56928
50937
219333
57343
221443
10270
84939
199857
710
10666
84516
59277
114785
23080
55033
83871
57205
643988
2890
57016
57038
57602
91582
10101
91445
84765
162239
55130
1408
23509
130507
23160
150946
5042
4702
1634
27300
7517
5281
51056
1622
9455
11158
65993
4007
285598
55127
57146
8818
57634
6752
55206
7265
57619
80127
8633
338376
8079
7327
23753
126308
153090
200014
57403
65258
55293
5092
387640
117608
22852
10557
84305
7345
55184
51347
54436
10427
8994
84317
6342
10428
84792
317781
285148
123606
8365
3141
9662
116442
112476
2824
23522
51643
168451
37
100507290
83479
201292
729533
14
5909
23658
1453
57187
130574
339559
3752
283316
23350
23016
283459
54933
6282
26471
6004
4066
22954
5213
196483
83481
10483
9753
2159
18
23378
3200
5204
149013
165215
27350
79770
9861
8897
728378
22934
51649
64761
80145
79913
85002
6566
283237
26133
9118
8801
83755
773
58497
127253
90865
55327
81490
83637
83547
54148
54552
65095
4116
8405
9294
132720
26140
57535
10263
4688
55624
677
54927
9942
79728
9136
79635
25973
9262
85451
6224
375444
80775
58508
11092
64778
51667
221302
NA
90637
10713
10280
148423
337876
3665
65082
9372
6604
283417
54996
5000
100293516
79925
8702
728294
199786
7818
284131
10643
7580
81576
8624
83939
83640
54877
2121
158405
392
91452
5089
29
5451
5136
60481
25893
197342
23150
84299
23408
3257
5163
84221
79029
10026
64420
1478
57496
339175
79718
29103
170261
6461
4199
79961
285855
2332
1642
22847
256302
51093
54785
121536
7570
9158
414328
257068
30968
84904
84520
27238
7071
200845
127435
81539
2308
3606
25988
51090
93953
4253
79363
348093
55582
10125
6638
283871
64083
124045
10300
333926
342908
1486
11098
57727
286151
7738
11083
1503
1311
84303
9403
3798
220972
7597
387119
5143
2157
10893
170960
730
2774
10573
9391
NA
79050
2104
54461
55281
2870
284613
83607
55749
708
6606
5827
9489
114801
161198
79722
729991
4609
9295
147660
84125
222255
79697
2519
7862
114790
80741
134728
79684
201931
5441
80790
160760
2625
91442
22906
64951
29979
114984
24148
358
25920
26230
64766
124401
10623
79096
80024
10069
55766
80714
6635
85460
54926
10548
55636
5189
22871
83938
11181
5394
5223
1785
54928
100130311
22889
64410
9536
4061
482
84253
56998
79609
55773
79154
64840
55643
22853
11146
125988
79165
79017
79675
10901
403
9926
6015
9828
54751
56901
92856
26276
91120
51538
376267
157697
728113
10157
27235
4790
10591
55500
8089
51188
54344
54739
128869
10454
54815
11022
163255
2006
23247
80298
9886
NA
4536
957
26249
1855
1347
1735
22836
80347
157285
NA
25903
282974
55204
23507
103
54780
57461
63905
28985
6045
29965
54961
7220
80336
124222
60491
148229
124540
54809
375190
27032
85013
84309
576
10971
56954
162993
56548
54517
9098
5883
23394
64900
168850
3842
23237
84140
4792
79005
10682
10467
399947
7096
92344
3357
91419
57679
3931
1069
79184
222537
9755
26043
388969
84656
6875
10298
81794
139735
50809
4190
224
636
30818
27109
643246
56984
862
5218
79944
5715
26009
81573
2662
55119
85459
5090
2961
3746
3790
55223
3708
9419
6452
53616
29888
6533
58509
51172
8908
9024
9759
221527
3669
148213
56130
90826
120863
125150
23030
80746
6873
25946
283130
154810
64422
169841
9025
4214
10799
51204
2342
55972
285971
81617
84869
92797
388591
56957
23395
147694
5693
257160
387921
54507
8542
6988
80162
55269
197258
